Spectral Efficiency / Ebno0
1
[ 0.          0.12355232  0.23735325  0.34283008  0.441118    0.53313474
  0.61963277  0.70123679  0.77847105  0.85177986  0.92154301]
[ 0.          0.19148924  0.36051462  0.51179761  0.64871169  0.77375119
  0.88881248  0.99537109  1.09459764  1.18743651  1.2746606 ]
[ 0.          0.25600908  0.47336238  0.66221654  0.82918614  0.97882055
  1.11438316  1.23829462  1.35240014  1.45813856  1.55665357]
[ 0.          0.3176397   0.57780807  0.79814984  0.98925501  1.15798117
  1.30902447  1.44574223  1.57061799  1.68554064  1.79198033]
[ 0.          0.37668689  0.67510554  0.92225141  1.13318679  1.31717897
  1.48033788  1.62690516  1.75994592  1.88174725  1.99406115]
[ 0.          0.43338107  0.76620439  1.03645684  1.26398298  1.4604664
  1.63336973  1.78775107  1.92719752  2.05434551  2.17118963]
[ 0.          0.48791301  0.85186246  1.14224617  1.38386117  1.59075695
  1.77166932  1.93240246  2.07700966  2.20843367  2.32887865]
[ 0.          0.54044698  0.93270081  1.24078397  1.49451405  1.71022359
  1.89783612  2.06383474  2.21268901  2.34761111  2.47098727]
[ 0.          0.59112727  1.0092373   1.33300578  1.5972658   1.82053303
  2.01383386  2.18426869  2.33667951  2.47451655  2.6003253 ]
[ 0.          0.64008206  1.08190924  1.41967556  1.693173    1.92299283
  2.12118348  2.29540702  2.45083974  2.59114327  2.71900335]
2
[ 0.          0.23735325  0.441118    0.61963277  0.77847105  0.92154301
  1.05169789  1.17107618  1.28132679  1.38374692  1.4793755 ]
[ 0.          0.36051462  0.64871169  0.88881248  1.09459764  1.2746606
  1.43472308  1.57878732  1.70976276  1.82983092  1.94066963]
[ 0.          0.47336238  0.82918614  1.11438316  1.35240014  1.55665357
  1.73554316  1.89467803  2.03799054  2.16834444  2.28789011]
[ 0.          0.57780807  0.98925501  1.30902447  1.57061799  1.79198033
  1.98385236  2.15317581  2.30469749  2.441807    2.56700947]
[ 0.          0.67510554  1.13318679  1.48033788  1.75994592  1.99406115
  2.19543625  2.37211493  2.52949829  2.67138898  2.80056567]
[ 0.          0.76620439  1.26398298  1.63336973  1.92719752  2.17118963
  2.37982487  2.56206528  2.72384556  2.86929961  3.00142263]
[ 0.          0.85186246  1.38386117  1.77166932  2.07700966  2.32887865
  2.54324253  2.72983675  2.89503791  3.04325077  3.17764577]
[ 0.          0.93270081  1.49451405  1.89783612  2.21268901  2.47098727
  2.68998718  2.88008264  3.04802147  3.19843367  3.33463424]
[ 0.          1.0092373   1.5972658   2.01383386  2.33667951  2.6003253
  2.82315426  3.01612666  3.18630619  3.33851288  3.47618296]
[ 0.          1.08190924  1.693173    2.12118348  2.45083974  2.71900335
  2.94504835  3.14042681  3.31247421  3.46617297  3.60506237]
3
[ 0.          0.34283008  0.61963277  0.85177986  1.05169789  1.2272544
  1.38374692  1.52491325  1.65348938  1.77153834  1.88065425]
[ 0.          0.51179761  0.88881248  1.18743651  1.43472308  1.64576086
  1.82983092  1.99305106  2.13966773  2.27274917  2.3945846 ]
[ 0.          0.66221654  1.11438316  1.45813856  1.73554316  1.96811308
  2.16834444  2.34414242  2.50082675  2.6421491   2.77085464]
[ 0.          0.79814984  1.30902447  1.68554064  1.98385236  2.23092497
  2.441807    2.62575863  2.78888565  2.9354272   3.06844676]
[ 0.          0.92225141  1.48033788  1.88174725  2.19543625  2.45295166
  2.67138898  2.8610606   3.02866866  3.17881553  3.31479854]
[ 0.          1.03645684  1.63336973  2.05434551  2.37982487  2.64522194
  2.86929961  3.06320734  3.23411364  3.38690129  3.52504641]
[ 0.          1.14224617  1.77166932  2.20843367  2.54324253  2.81480066
  3.04325077  3.24042248  3.41385841  3.5686641   3.70845662]
[ 0.          1.24078397  1.89783612  2.34761111  2.68998718  2.96649432
  3.19843367  3.39819771  3.57363549  3.7300337   3.87112329]
[ 0.          1.33300578  2.01383386  2.47451655  2.82315426  3.10372426
  3.33851288  3.5403857   3.71744726  3.87513428  4.0172717 ]
[ 0.          1.41967556  2.12118348  2.59114327  2.94504835  3.22901366
  3.46617297  3.66979485  3.8482      4.00695151  4.14995308]
4
[ 0.          0.441118    0.77847105  1.05169789  1.28132679  1.4793755
  1.65348938  1.80883484  1.94906728  2.07686833  2.19426366]
[ 0.          0.64871169  1.09459764  1.43472308  1.70976276  1.94066963
  2.13966773  2.31451469  2.47044331  2.61115069  2.73934604]
[ 0.          0.82918614  1.35240014  1.73554316  2.03799054  2.28789011
  2.50082675  2.68633909  2.85069193  2.99822174  3.13205496]
[ 0.          0.98925501  1.57061799  1.98385236  2.30469749  2.56700947
  2.78888565  2.98114342  3.15076712  3.30252912  3.43983536]
[ 0.          1.13318679  1.75994592  2.19543625  2.52949829  2.80056567
  3.02866866  3.22558189  3.39881785  3.55346425  3.69312689]
[ 0.          1.26398298  1.92719752  2.37982487  2.72384556  3.00142263
  3.23411364  3.4344347   3.6103018   3.76704102  3.90840802]
[ 0.          1.38386117  2.07700966  2.54324253  2.89503791  3.17764577
  3.41385841  3.61678246  3.79465188  3.95297917  4.09563649]
[ 0.          1.49451405  2.21268901  2.68998718  3.04802147  3.33463424
  3.57363549  3.77861291  3.95805738  4.11763107  4.26129931]
[ 0.          1.5972658   2.33667951  2.82315426  3.18630619  3.47618296
  3.71744726  3.92408599  4.10480187  4.26537992  4.40986161]
[ 0.          1.693173    2.45083974  2.94504835  3.31247421  3.60506237
  3.8482      4.05621054  4.23797433  4.399379    4.54452941]
5
[ 0.          0.53313474  0.92154301  1.2272544   1.4793755   1.69392185
  1.88065425  2.04596368  2.19426366  2.32873028  2.45172552]
[ 0.          0.77375119  1.2746606   1.64576086  1.94066963  2.18540587
  2.3945846   2.57723938  2.73934604  2.88506381  3.01740434]
[ 0.          0.97882055  1.55665357  1.96811308  2.28789011  2.54948869
  2.77085464  2.96272939  3.13205496  3.28357833  3.42068924]
[ 0.          1.15798117  1.79198033  2.23092497  2.56700947  2.83940489
  3.06844676  3.26605888  3.43983536  3.59491224  3.73492582]
[ 0.          1.31717897  1.99406115  2.45295166  2.80056567  3.08047342
  3.31479854  3.51632881  3.69312689  3.85060496  3.99257261]
[ 0.          1.4604664   2.17118963  2.64522194  3.00142263  3.28686131
  3.52504641  3.72942357  3.90840802  4.06761793  4.21099128]
[ 0.          1.59075695  2.32887865  2.81480066  3.17764577  3.46732738
  3.70845662  3.91499632  4.09563649  4.25615478  4.4005881 ]
[ 0.          1.71022359  2.47098727  2.96649432  3.33463424  3.62767413
  3.87112329  4.07936166  4.26129931  4.42284103  4.56810224]
[ 0.          1.82053303  2.6003253   3.10372426  3.47618296  3.77194722
  4.0172717   4.22687973  4.40986161  4.5722258   4.71815157]
[ 0.          1.92299283  2.71900335  3.22901366  3.60506237  3.90308119
  4.14995308  4.36068896  4.54452941  4.70756903  4.85404006]
6
[ 0.          0.61963277  1.05169789  1.38374692  1.65348938  1.88065425
  2.07686833  2.24956313  2.40377824  2.54308907  2.67012432]
[ 0.          0.88881248  1.43472308  1.82983092  2.13966773  2.3945846
  2.61115069  2.79941053  2.96591555  3.11517681  3.25043313]
[ 0.          1.11438316  1.73554316  2.16834444  2.50082675  2.77085464
  2.99822174  3.1945866   3.36739815  3.52170633  3.6610931 ]
[ 0.          1.30902447  1.98385236  2.441807    2.78888565  3.06844676
  3.30252912  3.50387991  3.68053989  3.83790841  3.97978705]
[ 0.          1.48033788  2.19543625  2.67138898  3.02866866  3.31479854
  3.55346425  3.75819496  3.9374504   4.09687464  4.24042174]
[ 0.          1.63336973  2.37982487  2.86929961  3.23411364  3.52504641
  3.76704102  3.97421491  4.1553398   4.31624062  4.46098351]
[ 0.          1.77166932  2.54324253  3.04325077  3.41385841  3.70845662
  3.95297917  4.16200188  4.34453773  4.50655074  4.65219284]
[ 0.          1.89783612  2.68998718  3.19843367  3.57363549  3.87112329
  4.11763107  4.32810176  4.51174045  4.6746214   4.82096438]
[ 0.          2.01383386  2.82315426  3.33851288  3.71744726  4.0172717
  4.26537992  4.47701544  4.66153988  4.82511707  4.97202173]
[ 0.          2.12118348  2.94504835  3.46617297  3.8482      4.14995308
  4.399379    4.61197189  4.79722338  4.9613715   5.10873638]
7
[ 0.          0.70123679  1.17107618  1.52491325  1.80883484  2.04596368
  2.24956313  2.42795106  2.58668893  2.72967944  2.85976692]
[ 0.          0.99537109  1.57878732  1.99305106  2.31451469  2.57723938
  2.79941053  2.99188964  3.16168553  3.31358534  3.45100434]
[ 0.          1.23829462  1.89467803  2.34414242  2.68633909  2.96272939
  3.1945866   3.39428974  3.56968058  3.72604147  3.86710071]
[ 0.          1.44574223  2.15317581  2.62575863  2.98114342  3.26605888
  3.50387991  3.70798912  3.88676811  4.04581547  4.18905702]
[ 0.          1.62690516  2.37211493  2.8610606   3.22558189  3.51632881
  3.75819496  3.96527475  4.14632775  4.30717184  4.45186883]
[ 0.          1.78775107  2.56206528  3.06320734  3.4344347   3.72942357
  3.97421491  4.18343387  4.3661193   4.5282501   4.67398737]
[ 0.          1.93240246  2.72983675  3.24042248  3.61678246  3.91499632
  4.16200188  4.3728351   4.55674959  4.71984742  4.86636542]
[ 0.          2.06383474  2.88008264  3.39819771  3.77861291  4.07936166
  4.32810176  4.54019656  4.7250699   4.88892113  5.03604673]
[ 0.          2.18426869  3.01612666  3.5403857   3.92408599  4.22687973
  4.47701544  4.69012339  4.87576569  5.04022049  5.18783244]
[ 0.          2.29540702  3.14042681  3.66979485  4.05621054  4.36068896
  4.61197189  4.8259114   5.01218413  5.17713333  5.32514339]
8
[ 0.          0.77847105  1.28132679  1.65348938  1.94906728  2.19426366
  2.40377824  2.58668893  2.74899707  2.89487758  3.02735233]
[ 0.          1.09459764  1.70976276  2.13966773  2.47044331  2.73934604
  2.96591555  3.16168553  3.33403634  3.48797715  3.62706415]
[ 0.          1.35240014  2.03799054  2.50082675  2.85069193  3.13205496
  3.36739815  3.56968058  3.74705704  3.90499371  4.04733389]
[ 0.          1.57061799  2.30469749  2.78888565  3.15076712  3.43983536
  3.68053989  3.88676811  4.06717006  4.22750028  4.37178133]
[ 0.          1.75994592  2.52949829  3.02866866  3.39881785  3.69312689
  3.9374504   4.14632775  4.32875278  4.4906785   4.63625007]
[ 0.          1.92719752  2.72384556  3.23411364  3.6103018   3.90840802
  4.1553398   4.3661193   4.54999293  4.71305864  4.85955071]
[ 0.          2.07700966  2.89503791  3.41385841  3.79465188  4.09563649
  4.34453773  4.55674959  4.74171182  4.90563286  5.05281473]
[ 0.          2.21268901  3.04802147  3.57363549  3.95805738  4.26129931
  4.51174045  4.7250699   4.91088019  5.07546676  5.22318485]
[ 0.          2.33667951  3.18630619  3.71744726  4.10480187  4.40986161
  4.66153988  4.87576569  5.06225533  5.22737454  5.37552145]
[ 0.          2.45083974  3.31247421  3.8482      4.23797433  4.54452941
  4.79722338  5.01218413  5.19923022  5.36478539  5.51328305]
9
[ 0.          0.85177986  1.38374692  1.77153834  2.07686833  2.32873028
  2.54308907  2.72967944  2.89487758  3.04308801  3.17748101]
[ 0.          1.18743651  1.82983092  2.27274917  2.61115069  2.88506381
  3.11517681  3.31358534  3.48797715  3.64354377  3.78395637]
[ 0.          1.45813856  2.16834444  2.6421491   2.99822174  3.28357833
  3.52170633  3.72604147  3.90499371  4.06417814  4.20753083]
[ 0.          1.68554064  2.441807    2.9354272   3.30252912  3.59491224
  3.83790841  4.04581547  4.22750028  4.38884268  4.53394274]
[ 0.          1.88174725  2.67138898  3.17881553  3.55346425  3.85060496
  4.09687464  4.30717184  4.4906785   4.6534556   4.79971476]
[ 0.          2.05434551  2.86929961  3.38690129  3.76704102  4.06761793
  4.31624062  4.5282501   4.71305864  4.87685898  5.02394357]
[ 0.          2.20843367  3.04325077  3.5686641   3.95297917  4.25615478
  4.50655074  4.71984742  4.90563286  5.07019995  5.21790234]
[ 0.          2.34761111  3.19843367  3.7300337   4.11763107  4.42284103
  4.6746214   4.88892113  5.07546676  5.24062986  5.38881208]
[ 0.          2.47451655  3.33851288  3.87513428  4.26537992  4.5722258
  4.82511707  5.04022049  5.22737454  5.39301425  5.54157993]
[ 0.          2.59114327  3.46617297  4.00695151  4.399379    4.70756903
  4.9613715   5.17713333  5.36478539  5.53081494  5.67969409]
10
[ 0.          0.92154301  1.4793755   1.88065425  2.19426366  2.45172552
  2.67012432  2.85976692  3.02735233  3.17748101  3.31344911]
[ 0.          1.2746606   1.94066963  2.3945846   2.73934604  3.01740434
  3.25043313  3.45100434  3.62706415  3.78395637  3.9254478 ]
[ 0.          1.55665357  2.28789011  2.77085464  3.13205496  3.42068924
  3.6610931   3.86710071  4.04733389  4.20753083  4.35170396]
[ 0.          1.79198033  2.56700947  3.06844676  3.43983536  3.73492582
  3.97978705  4.18905702  4.37178133  4.53394274  4.67970474]
[ 0.          1.99406115  2.80056567  3.31479854  3.69312689  3.99257261
  4.24042174  4.45186883  4.63625007  4.79971476  4.94652869]
[ 0.          2.17118963  3.00142263  3.52504641  3.90840802  4.21099128
  4.46098351  4.67398737  4.85955071  5.02394357  5.17150561]
[ 0.          2.32887865  3.17764577  3.70845662  4.09563649  4.4005881
  4.65219284  4.86636542  5.05281473  5.21790234  5.36602381]
[ 0.          2.47098727  3.33463424  3.87112329  4.26129931  4.56810224
  4.82096438  5.03604673  5.22318485  5.38881208  5.53736771]
[ 0.          2.6003253   3.47618296  4.0172717   4.40986161  4.71815157
  4.97202173  5.18783244  5.37552145  5.54157993  5.69048232]
[ 0.          2.71900335  3.60506237  4.14995308  4.54452941  4.85404006
  5.10873638  5.32514339  5.51328305  5.67969409  5.82887984]
